1.875000000000000000e+00
2.799999999999999822e+00
3.399999999999999911e+00
1.000000000000000000e+00
2.000000000000000000e+00
1.000000000000000000e+00
2.666666666666666519e+00
1.250000000000000000e+00
2.375000000000000000e+00
2.166666666666666519e+00
1.100000000000000089e+00
1.142857142857142794e+00
4.500000000000000000e+00
1.250000000000000000e+00
2.399999999999999911e+00
1.333333333333333259e+00
1.000000000000000000e+00
1.333333333333333259e+00
1.333333333333333259e+00
1.833333333333333259e+00
1.000000000000000000e+00
1.666666666666666741e+00
1.142857142857142794e+00
1.000000000000000000e+00
2.666666666666666519e+00
2.375000000000000000e+00
3.000000000000000000e+00
1.000000000000000000e+00
6.666666666666666963e+00
2.000000000000000000e+00
1.000000000000000000e+00
1.125000000000000000e+00
1.714285714285714191e+00
1.000000000000000000e+00
2.000000000000000000e+00
1.000000000000000000e+00
1.000000000000000000e+00
1.500000000000000000e+00
1.375000000000000000e+00
1.000000000000000000e+00
1.250000000000000000e+00
1.333333333333333259e+00
2.333333333333333481e+00
1.214285714285714191e+00
1.333333333333333259e+00
1.000000000000000000e+00
2.666666666666666519e+00
2.000000000000000000e+00
2.375000000000000000e+00
1.000000000000000000e+00
1.750000000000000000e+00
1.500000000000000000e+00
1.199999999999999956e+00
1.000000000000000000e+00
3.166666666666666519e+00
1.250000000000000000e+00
1.250000000000000000e+00
2.666666666666666519e+00
1.000000000000000000e+00
1.266666666666666607e+00
2.000000000000000000e+00
4.500000000000000000e+00
1.000000000000000000e+00
3.333333333333333481e+00
1.333333333333333259e+00
3.333333333333333481e+00
2.666666666666666519e+00
1.000000000000000000e+00
1.833333333333333259e+00
1.333333333333333259e+00
1.333333333333333259e+00
1.000000000000000000e+00
2.666666666666666519e+00
2.000000000000000000e+00
1.333333333333333259e+00
1.777777777777777679e+00
1.375000000000000000e+00
1.600000000000000089e+00
3.000000000000000000e+00
3.333333333333333481e+00
3.166666666666666519e+00
1.000000000000000000e+00
1.000000000000000000e+00
1.699999999999999956e+00
1.142857142857142794e+00
1.000000000000000000e+00
2.000000000000000000e+00
1.750000000000000000e+00
1.066666666666666652e+00
2.200000000000000178e+00
2.142857142857142794e+00
1.181818181818181879e+00
1.000000000000000000e+00
2.500000000000000000e+00
2.666666666666666519e+00
1.166666666666666741e+00
1.000000000000000000e+00
1.500000000000000000e+00
1.125000000000000000e+00
1.333333333333333259e+00
2.222222222222222321e+00
2.333333333333333481e+00
1.500000000000000000e+00
1.600000000000000089e+00
1.250000000000000000e+00
1.000000000000000000e+00
1.222222222222222321e+00
1.000000000000000000e+00
1.090909090909090828e+00
1.375000000000000000e+00
1.000000000000000000e+00
1.500000000000000000e+00
1.333333333333333259e+00
1.000000000000000000e+00
2.250000000000000000e+00
5.666666666666666963e+00
2.333333333333333481e+00
1.142857142857142794e+00
1.454545454545454586e+00
1.600000000000000089e+00
3.166666666666666519e+00
3.333333333333333481e+00
1.833333333333333259e+00
1.750000000000000000e+00
2.333333333333333481e+00
1.333333333333333259e+00
1.333333333333333259e+00
1.166666666666666741e+00
2.125000000000000000e+00
1.333333333333333259e+00
2.500000000000000000e+00
2.666666666666666519e+00
1.000000000000000000e+00
1.199999999999999956e+00
1.833333333333333259e+00
2.250000000000000000e+00
3.000000000000000000e+00
1.125000000000000000e+00
1.399999999999999911e+00
1.125000000000000000e+00
1.333333333333333259e+00
2.666666666666666519e+00
1.333333333333333259e+00
1.000000000000000000e+00
1.333333333333333259e+00
1.142857142857142794e+00
2.250000000000000000e+00
1.250000000000000000e+00
2.125000000000000000e+00
1.600000000000000089e+00
2.285714285714285587e+00
1.000000000000000000e+00
1.800000000000000044e+00
3.600000000000000089e+00
1.833333333333333259e+00
1.000000000000000000e+00
1.000000000000000000e+00
1.875000000000000000e+00
1.125000000000000000e+00
2.666666666666666519e+00
2.000000000000000000e+00
2.750000000000000000e+00
1.666666666666666741e+00
1.000000000000000000e+00
2.166666666666666519e+00
1.416666666666666741e+00
1.000000000000000000e+00
1.199999999999999956e+00
1.000000000000000000e+00
1.666666666666666741e+00
1.333333333333333259e+00
2.000000000000000000e+00
2.125000000000000000e+00
1.000000000000000000e+00
1.833333333333333259e+00
3.166666666666666519e+00
1.800000000000000044e+00
1.000000000000000000e+00
1.000000000000000000e+00
1.176470588235294157e+00
1.000000000000000000e+00
1.375000000000000000e+00
1.000000000000000000e+00
1.000000000000000000e+00
1.571428571428571397e+00
1.181818181818181879e+00
2.000000000000000000e+00
1.125000000000000000e+00
1.000000000000000000e+00
2.000000000000000000e+00
1.333333333333333259e+00
1.000000000000000000e+00
1.333333333333333259e+00
1.000000000000000000e+00
2.285714285714285587e+00
2.285714285714285587e+00
2.833333333333333481e+00
2.000000000000000000e+00
2.333333333333333481e+00
1.142857142857142794e+00
2.000000000000000000e+00
2.000000000000000000e+00
1.000000000000000000e+00
1.375000000000000000e+00
1.500000000000000000e+00
1.000000000000000000e+00
1.000000000000000000e+00
1.250000000000000000e+00
1.375000000000000000e+00
1.000000000000000000e+00
1.250000000000000000e+00
2.000000000000000000e+00
1.571428571428571397e+00
1.888888888888888840e+00
1.833333333333333259e+00
1.750000000000000000e+00
1.000000000000000000e+00
1.199999999999999956e+00
1.600000000000000089e+00
1.833333333333333259e+00
1.333333333333333259e+00
1.833333333333333259e+00
1.000000000000000000e+00
1.333333333333333259e+00
1.333333333333333259e+00
1.199999999999999956e+00
1.666666666666666741e+00
1.500000000000000000e+00
1.333333333333333259e+00
1.333333333333333259e+00
2.500000000000000000e+00
1.375000000000000000e+00
3.500000000000000000e+00
1.428571428571428603e+00
1.500000000000000000e+00
1.333333333333333259e+00
2.375000000000000000e+00
1.000000000000000000e+00
1.000000000000000000e+00
3.799999999999999822e+00
1.000000000000000000e+00
1.500000000000000000e+00
1.000000000000000000e+00
1.000000000000000000e+00
1.199999999999999956e+00
1.333333333333333259e+00
2.666666666666666519e+00
4.000000000000000000e+00
1.199999999999999956e+00
5.000000000000000000e+00
5.000000000000000000e+00
1.666666666666666741e+00
2.833333333333333481e+00
2.000000000000000000e+00
1.000000000000000000e+00
2.000000000000000000e+00
1.333333333333333259e+00
1.333333333333333259e+00
1.500000000000000000e+00
1.000000000000000000e+00
1.500000000000000000e+00
1.833333333333333259e+00
1.666666666666666741e+00
1.000000000000000000e+00
2.250000000000000000e+00
1.000000000000000000e+00
1.142857142857142794e+00
2.166666666666666519e+00
1.000000000000000000e+00
1.222222222222222321e+00
1.333333333333333259e+00
1.333333333333333259e+00
1.444444444444444420e+00
1.142857142857142794e+00
1.000000000000000000e+00
1.199999999999999956e+00
1.000000000000000000e+00
1.166666666666666741e+00
1.600000000000000089e+00
1.333333333333333259e+00
1.000000000000000000e+00
2.125000000000000000e+00
2.000000000000000000e+00
1.125000000000000000e+00
2.000000000000000000e+00
1.333333333333333259e+00
1.375000000000000000e+00
2.571428571428571619e+00
2.125000000000000000e+00
2.500000000000000000e+00
1.000000000000000000e+00
1.875000000000000000e+00
1.384615384615384581e+00
1.000000000000000000e+00
1.000000000000000000e+00
1.800000000000000044e+00
1.888888888888888840e+00
3.666666666666666519e+00
2.750000000000000000e+00
1.375000000000000000e+00
